voteModifiers({Quarantine = true, Committed = true, Glass = true, ExplodingEnemies = true})
unlockTimeScale()
cycleTimeScale()
cycleTimeScale()
place(8.920, 1.000, 5.531, "Soldier", 500)
task.wait(1)
upgrade(8.920, 2.350, 5.531, 250)
place(8.886, 1.000, 2.495, "Soldier", 500)
task.wait(1)
upgrade(8.886, 2.350, 2.495, 250)
place(8.921, 1.000, -0.567, "Soldier", 500)
task.wait(1)
upgrade(8.921, 2.350, -0.567, 250)
upgrade(8.920, 2.350, 5.531, 800)
upgrade(8.886, 2.350, 2.495, 800)
upgrade(8.921, 2.350, -0.567, 800)
place(12.043, 1.000, 5.590, "Soldier", 500)
task.wait(1)
upgrade(12.043, 2.350, 5.590, 250)
upgrade(12.043, 2.350, 5.590, 800)
place(12.002, 1.000, 2.481, "Soldier", 500)
task.wait(1)
upgrade(12.002, 2.350, 2.481, 250)
upgrade(12.002, 2.350, 2.481, 800)
place(11.964, 1.000, -0.558, "Soldier", 500)
task.wait(1)
upgrade(11.964, 2.350, -0.558, 250)
upgrade(11.964, 2.350, -0.558, 800)
place(8.935, 1.000, -3.674, "Soldier", 500)
task.wait(1)
upgrade(8.935, 2.350, -3.674, 250)
upgrade(8.935, 2.350, -3.674, 800)
place(11.965, 1.000, -3.770, "Soldier", 500)
task.wait(1)
upgrade(11.965, 2.350, -3.770, 250)
upgrade(11.965, 2.350, -3.770, 800)
place(0.866, 4.686, 9.046, "Spotlight Tech", 4194)
task.wait(1)
SetTarget(1.745, 6.059, 9.046, "Random")
upgrade(1.745, 6.059, 9.046, 1922)
upgrade(1.745, 6.059, 9.046, 5924)
place(15.285, 1.000, 5.481, "Soldier", 500)
task.wait(1)
upgrade(15.285, 2.350, 5.481, 250)
upgrade(15.285, 2.350, 5.481, 800)
place(15.088, 1.000, 2.340, "Soldier", 500)
task.wait(1)
upgrade(15.088, 2.350, 2.340, 250)
upgrade(15.088, 2.350, 2.340, 800)
place(14.987, 1.000, -0.759, "Soldier", 500)
task.wait(1)
upgrade(14.987, 2.350, -0.759, 250)
upgrade(14.987, 2.350, -0.759, 800)
place(15.054, 1.000, -3.910, "Soldier", 500)
task.wait(1)
upgrade(15.054, 2.350, -3.910, 250)
upgrade(15.054, 2.350, -3.910, 800)
upgrade(8.886, 2.350, 2.495, 5750)
upgrade(8.921, 2.350, -0.567, 5750)
upgrade(8.920, 2.350, 5.531, 5750)
upgrade(8.935, 2.350, -3.674, 5750)
place(-21.449, 1.010, -14.598, "Military Base", 400)
task.wait(1)
upgrade(-21.449, 1.010, -14.598, 200)
upgrade(-21.449, 1.010, -14.598, 400)
upgrade(-21.449, 1.010, -14.598, 1750)
upgrade(-21.449, 1.010, -14.598, 7500)
place(-26.235, 1.010, -14.577, "Military Base", 400)
task.wait(1)
upgrade(-26.235, 1.010, -14.577, 200)
upgrade(-26.235, 1.010, -14.577, 400)
upgrade(-26.235, 1.010, -14.577, 1750)
upgrade(-26.235, 1.010, -14.577, 7500)
place(-30.815, 1.012, -14.767, "Military Base", 400)
task.wait(1)
upgrade(-30.815, 1.012, -14.767, 200)
upgrade(-30.815, 1.012, -14.767, 400)
upgrade(-30.815, 1.012, -14.767, 1750)
upgrade(-30.815, 1.012, -14.767, 7500)
upgrade(12.043, 2.350, 5.590, 5750)
upgrade(12.002, 2.350, 2.481, 5750)
upgrade(11.964, 2.350, -0.558, 5750)
upgrade(11.965, 2.350, -3.770, 5750)
place(-30.680, 1.012, -19.528, "Military Base", 400)
task.wait(1)
upgrade(-30.680, 1.012, -19.528, 200)
upgrade(-30.680, 1.012, -19.528, 400)
upgrade(-30.680, 1.012, -19.528, 1750)
upgrade(-30.680, 1.012, -19.528, 7500)
place(-25.888, 1.010, -19.226, "Military Base", 400)
task.wait(1)
upgrade(-25.888, 1.010, -19.226, 200)
upgrade(-25.888, 1.010, -19.226, 400)
upgrade(-25.888, 1.010, -19.226, 1750)
upgrade(-25.888, 1.010, -19.226, 7500)
upgrade(8.920, 2.350, 5.531, 14500)
upgrade(1.745, 6.059, 9.046, 12894)
upgrade(1.745, 6.059, 9.046, 23229)
place(3.654, 1.000, 0.682, "Engineer", 600)
task.wait(1)
upgrade(3.654, 2.350, 0.682, 350)
upgrade(3.654, 2.350, 0.682, 550)
upgrade(3.654, 2.350, 0.682, 2250)
upgrade(3.654, 2.350, 0.682, 4750)
upgrade(3.654, 2.350, 0.682, 13500)
place(3.667, 1.000, -2.515, "Engineer", 600)
task.wait(1)
upgrade(3.667, 2.350, -2.515, 350)
upgrade(3.667, 2.350, -2.515, 550)
upgrade(3.667, 2.350, -2.515, 2250)
upgrade(3.667, 2.350, -2.515, 4750)
upgrade(3.667, 2.350, -2.515, 13500)
place(3.675, 1.000, -5.615, "Engineer", 600)
task.wait(1)
upgrade(3.675, 2.350, -5.615, 350)
upgrade(3.675, 2.350, -5.615, 550)
upgrade(3.675, 2.350, -5.615, 2250)
upgrade(3.675, 2.350, -5.615, 4750)
upgrade(3.675, 2.350, -5.615, 13500)
place(0.616, 1.000, 0.568, "Engineer", 600)
task.wait(1)
upgrade(0.616, 2.350, 0.568, 350)
upgrade(0.616, 2.350, 0.568, 550)
upgrade(0.616, 2.350, 0.568, 2250)
upgrade(0.616, 2.350, 0.568, 4750)
upgrade(0.616, 2.350, 0.568, 13500)
place(0.545, 1.000, -2.514, "Engineer", 600)
task.wait(1)
upgrade(0.545, 2.350, -2.514, 350)
upgrade(0.545, 2.350, -2.514, 550)
upgrade(0.545, 2.350, -2.514, 2250)
upgrade(0.545, 2.350, -2.514, 4750)
upgrade(0.545, 2.350, -2.514, 13500)
place(0.659, 1.000, -5.514, "Engineer", 600)
task.wait(1)
upgrade(0.659, 2.350, -5.514, 350)
upgrade(0.659, 2.350, -5.514, 550)
upgrade(0.659, 2.350, -5.514, 2250)
upgrade(0.659, 2.350, -5.514, 4750)
upgrade(0.659, 2.350, -5.514, 13500)
upgrade(3.654, 2.350, 0.682, 35000)
upgrade(3.667, 2.350, -2.515, 35000)
upgrade(3.675, 2.350, -5.615, 35000)
upgrade(0.616, 2.350, 0.568, 35000)
upgrade(0.545, 2.350, -2.514, 35000)
upgrade(0.659, 2.350, -5.514, 35000)
place(-3.003, 1.000, -5.728, "Accelerator", 4500)
task.wait(1)
upgrade(-3.003, 2.350, -5.728, 1000)
upgrade(-3.003, 2.350, -5.728, 2500)
upgrade(-3.003, 2.350, -5.728, 4750)
upgrade(-3.003, 2.350, -5.728, 11250)
place(-2.886, 1.000, -2.588, "Accelerator", 4500)
task.wait(1)
upgrade(-2.886, 2.350, -2.588, 1000)
upgrade(-2.886, 2.350, -2.588, 2500)
upgrade(-2.886, 2.350, -2.588, 4750)
upgrade(-2.886, 2.350, -2.588, 11250)
place(-2.839, 1.000, 0.557, "Accelerator", 4500)
task.wait(1)
upgrade(-2.839, 2.350, 0.557, 1000)
upgrade(-2.839, 2.350, 0.557, 2500)
upgrade(-2.839, 2.350, 0.557, 4750)
upgrade(-2.839, 2.350, 0.557, 11250)
place(-8.200, 1.000, 0.678, "Accelerator", 4500)
task.wait(1)
upgrade(-8.200, 2.350, 0.678, 1000)
upgrade(-8.200, 2.350, 0.678, 2500)
upgrade(-8.200, 2.350, 0.678, 4750)
upgrade(-8.200, 2.350, 0.678, 11250)
place(-8.173, 1.000, -2.441, "Accelerator", 4500)
task.wait(1)
upgrade(-8.173, 2.350, -2.441, 1000)
upgrade(-8.173, 2.350, -2.441, 2500)
upgrade(-8.173, 2.350, -2.441, 4750)
upgrade(-8.173, 2.350, -2.441, 11250)
place(-8.222, 1.000, -5.688, "Accelerator", 4500)
task.wait(1)
upgrade(-8.222, 2.350, -5.688, 1000)
upgrade(-8.222, 2.350, -5.688, 2500)
upgrade(-8.222, 2.350, -5.688, 4750)
upgrade(-8.222, 2.350, -5.688, 11250)
place(-8.163, 1.000, 3.845, "Accelerator", 4500)
task.wait(1)
upgrade(-8.163, 2.350, 3.845, 1000)
upgrade(-8.163, 2.350, 3.845, 2500)
upgrade(-8.163, 2.350, 3.845, 4750)
upgrade(-8.163, 2.350, 3.845, 11250)
place(3.593, 1.000, 4.074, "Accelerator", 4500)
task.wait(1)
upgrade(3.593, 2.350, 4.074, 1000)
upgrade(3.593, 2.350, 4.074, 2500)
upgrade(3.593, 2.350, 4.074, 4750)
upgrade(3.593, 2.350, 4.074, 11250)
upgrade(3.593, 2.350, 4.074, 36000)
upgrade(-2.839, 2.350, 0.557, 36000)
upgrade(-2.886, 2.350, -2.588, 36000)
upgrade(-3.003, 2.350, -5.728, 36000)
upgrade(-8.173, 2.350, -2.441, 36000)
upgrade(-8.222, 2.350, -5.688, 36000)
upgrade(-8.200, 2.350, 0.678, 36000)
upgrade(-8.163, 2.350, 3.845, 36000)
upgrade(-21.449, 1.010, -14.598, 25000)
upgrade(-26.235, 1.010, -14.577, 25000)
upgrade(-30.815, 1.012, -14.767, 25000)
upgrade(-30.680, 1.012, -19.528, 25000)
upgrade(-25.888, 1.010, -19.226, 25000)
upgrade(8.886, 2.350, 2.495, 14500)
upgrade(8.921, 2.350, -0.567, 14500)
upgrade(8.935, 2.350, -3.674, 14500)
upgrade(12.043, 2.350, 5.590, 14500)
upgrade(12.002, 2.350, 2.481, 14500)
upgrade(11.964, 2.350, -0.558, 14500)
upgrade(11.965, 2.350, -3.770, 14500)
upgrade(15.285, 2.350, 5.481, 5750)
upgrade(15.285, 2.350, 5.481, 14500)
upgrade(15.088, 2.350, 2.340, 5750)
upgrade(15.088, 2.350, 2.340, 14500)
upgrade(14.987, 2.350, -0.759, 5750)
upgrade(14.987, 2.350, -0.759, 14500)
upgrade(15.054, 2.350, -3.910, 5750)
upgrade(15.054, 2.350, -3.910, 14500)
place(3.820, 1.000, -8.917, "Soldier", 500)
task.wait(1)
upgrade(3.820, 2.350, -8.917, 250)
upgrade(3.820, 2.350, -8.917, 800)
upgrade(3.820, 2.350, -8.917, 5750)
upgrade(3.820, 2.350, -8.917, 14500)
place(0.686, 1.000, -8.641, "Soldier", 500)
task.wait(1)
upgrade(0.686, 2.350, -8.641, 250)
upgrade(0.686, 2.350, -8.641, 800)
upgrade(0.686, 2.350, -8.641, 5750)
upgrade(0.686, 2.350, -8.641, 14500)
place(-2.407, 1.000, -8.689, "Soldier", 500)
task.wait(1)
upgrade(-2.407, 2.350, -8.689, 250)
upgrade(-2.407, 2.350, -8.689, 800)
upgrade(-2.407, 2.350, -8.689, 5750)
upgrade(-2.407, 2.350, -8.689, 14500)
place(-2.871, 1.000, 7.386, "Soldier", 500)
task.wait(1)
upgrade(-2.871, 2.350, 7.386, 250)
upgrade(-2.871, 2.350, 7.386, 800)
upgrade(-2.871, 2.350, 7.386, 5750)
upgrade(-2.871, 2.350, 7.386, 14500)
place(-8.347, 1.000, -9.054, "Soldier", 500)
task.wait(1)
upgrade(-8.347, 2.350, -9.054, 250)
upgrade(-8.347, 2.350, -9.054, 800)
upgrade(-8.347, 2.350, -9.054, 5750)
upgrade(-8.347, 2.350, -9.054, 14500)
place(-11.239, 1.000, -6.285, "Soldier", 500)
task.wait(1)
upgrade(-11.239, 2.350, -6.285, 250)
upgrade(-11.239, 2.350, -6.285, 800)
upgrade(-11.239, 2.350, -6.285, 5750)
upgrade(-11.239, 2.350, -6.285, 14500)
place(-11.215, 1.000, -2.943, "Soldier", 500)
task.wait(1)
upgrade(-11.215, 2.350, -2.943, 250)
upgrade(-11.215, 2.350, -2.943, 800)
upgrade(-11.215, 2.350, -2.943, 5750)
upgrade(-11.215, 2.350, -2.943, 14500)
place(-11.481, 1.000, 0.422, "Soldier", 500)
task.wait(1)
upgrade(-11.481, 2.350, 0.422, 250)
upgrade(-11.481, 2.350, 0.422, 800)
upgrade(-11.481, 2.350, 0.422, 5750)
upgrade(-11.481, 2.350, 0.422, 14500)
place(-11.255, 1.000, 3.671, "Soldier", 500)
task.wait(1)
upgrade(-11.255, 2.350, 3.671, 250)
upgrade(-11.255, 2.350, 3.671, 800)
upgrade(-11.255, 2.350, 3.671, 5750)
upgrade(-11.255, 2.350, 3.671, 14500)
place(-8.174, 1.000, 7.021, "Soldier", 500)
task.wait(1)
upgrade(-8.174, 2.350, 7.021, 250)
upgrade(-8.174, 2.350, 7.021, 800)
upgrade(-8.174, 2.350, 7.021, 5750)
upgrade(-8.174, 2.350, 7.021, 14500)
place(-11.300, 1.000, 6.903, "Soldier", 500)
task.wait(1)
upgrade(-11.300, 2.350, 6.903, 250)
upgrade(-11.300, 2.350, 6.903, 800)
upgrade(-11.300, 2.350, 6.903, 5750)
upgrade(-11.300, 2.350, 6.903, 14500)
place(-14.614, 1.000, 6.764, "Soldier", 500)
task.wait(1)
upgrade(-14.614, 2.350, 6.764, 250)
upgrade(-14.614, 2.350, 6.764, 800)
upgrade(-14.614, 2.350, 6.764, 5750)
upgrade(-14.614, 2.350, 6.764, 14500)
place(-14.622, 1.000, 3.370, "Soldier", 500)
task.wait(1)
upgrade(-14.622, 2.350, 3.370, 250)
upgrade(-14.622, 2.350, 3.370, 800)
upgrade(-14.622, 2.350, 3.370, 5750)
upgrade(-14.622, 2.350, 3.370, 14500)
place(-14.617, 1.000, -0.018, "Soldier", 500)
task.wait(1)
upgrade(-14.617, 2.350, -0.018, 250)
upgrade(-14.617, 2.350, -0.018, 800)
upgrade(-14.617, 2.350, -0.018, 5750)
upgrade(-14.617, 2.350, -0.018, 14500)
place(-14.452, 1.000, -3.204, "Soldier", 500)
task.wait(1)
upgrade(-14.452, 2.350, -3.204, 250)
upgrade(-14.452, 2.350, -3.204, 800)
upgrade(-14.452, 2.350, -3.204, 5750)
upgrade(-14.452, 2.350, -3.204, 14500)
place(-14.716, 1.000, -6.599, "Soldier", 500)
task.wait(1)
upgrade(-14.716, 2.350, -6.599, 250)
upgrade(-14.716, 2.350, -6.599, 800)
upgrade(-14.716, 2.350, -6.599, 5750)
upgrade(-14.716, 2.350, -6.599, 14500)
place(-9.046, 1.000, 10.014, "Soldier", 500)
task.wait(1)
upgrade(-9.046, 2.350, 10.014, 250)
upgrade(-9.046, 2.350, 10.014, 800)
upgrade(-9.046, 2.350, 10.014, 5750)
upgrade(-9.046, 2.350, 10.014, 14500)
place(-12.577, 1.000, 9.919, "Soldier", 500)
task.wait(1)
upgrade(-12.577, 2.350, 9.919, 250)
upgrade(-12.577, 2.350, 9.919, 800)
upgrade(-12.577, 2.350, 9.919, 5750)
upgrade(-12.577, 2.350, 9.919, 14500)
